42
78
42
78
42
78
143
78
42
78
42
78
42
78
42
78
42
78
42
78
42
78
42
78
42
78
42
78
42
37640
39592
40138
41132
39830
62230
71078
71022
71204
72338
69188
71190
69678
70616
73724
70392
69146
70840
70896
70434
65915
69546
66654
72024
71708
69182
72674
70428
71834
71562
70098
70064
72338
70932
71624
71450
74704
73466
69608
73256
70616
72906
74732
72696
72534
72878
71736
69182
71708
68790
65338
70400
71120
72150
72114
72038
71904
72080
71456
70644
67620
72380
34440
9310
9212
9212
9310
9212
9212
9310
9212
9310
9212
9310
9212
9310
9212
9212
9248
9212
9346
9212
9346
9310
939346
10
9346
9310
9346
