425
0
196
0
36
0
0
101
0
36
0
36
0
36
0
0
0
0
0
42
102
3085
3121
3085
3225
3085
3031
13610
9872
8638
9908
3702
3085
3738
4319
3121
3085
3121
5553
3121
3085
3121
11142
3121
3085
3085
3085
4319
3085
3085
3085
3085
3121
3085
3121
3085
3121
3085
3085
3085
3085
3121
3085
3121
3085
3121
3085
3085
3085
3085
3085
3085
3121
3085
3121
3085
3085
3085
3085
3085
3085
3121
3085
3121
3085
3121
3085
2468
3085
3085
3121
3085
3121
3085
3121
3085
3085
3085
3085
3121
3085
3121
3085
3121
3085
3085
3085
3085
3085
3085
3121
3085
3121
3085
3121
3085
3085
3085
3085
3121
3085
3121
3085
3121
3085
3085
3085
3085
3121
3085
3121
3085
3121
2468
3085
3085
3085
3085
3085
3121
3085
3121
3085
3085
3085
3085
3085
3085
3121
3085
3222
3085
3121
3085
3085
3085
3085
3121
2534
3121
3085
3121
3085
3085
3085
3085
3163
3085
3121
3702
3121
3702
3085
3702
1234
3121
3085
3738
2468
3121
1300
4319
2438
4936
4355
3085
3085
3085
3702
3085
3085
3121
3085
3085
2468
2468
3702
3085
3085
3085
3121
3019
3085
3085
3121
3085
3121
3085
3121
3085
3121
3085
3121
1168
1917
3085
3738
3085
3121
3085
2504
2534
3121
3085
3121
3085
3121
2468
3085
5553
6170
6206
6170
6206
6170
3121
3085
3085
3085
3085
3121
3085
3121
